script internal name (ver:210707): multilognorlanglmfit
data-filename:NE5X_A
this-filename:fits/NE5X_A.fit.00
[[Definition parameters]]
ndist: 1
weight: None
[[status]]
Fit succeeded.
[[Fit Statistics]]
    # fitting method   = leastsq
    # function evals   = 71
    # data points      = 249
    # variables        = 4
    chi-square         = 148.464936
    reduced chi-square = 0.60597933
    Akaike info crit   = -120.758918
    Bayesian info crit = -106.689106
[[Variables]]
    N0:    1.3314e+18 +/- 2.7620e+16 (2.07%) (init = 3e+18)
    mu0:   8.56941679 +/- 0.03068604 (0.36%) (init = 7.65)
    sig0:  1.35783506 +/- 0.00915754 (0.67%) (init = 1.596)
    C:     3.8963e-04 +/- 2.5975e-05 (6.67%) (init = -3e-08)
    T:     300 (fixed)
    dc:    0 (fixed)
[[Correlations]] (unreported correlations are < 0.100)
    C(N0, mu0)   = -0.9906
    C(mu0, sig0) = -0.9895
    C(N0, sig0)  = +0.9611
    C(N0, C)     = -0.8391
    C(mu0, C)    = +0.7786
    C(sig0, C)   = -0.7094
[[Derived Parameters]]
    mean-mu      = 13243.7+/-438.5 mb
    stddev       = 30547+/-1253 mb
    <mu>_mu      = 83700+/-4043 mb
    sum squares  = 1.484649e+02
    m_s          = (1.63527+/-0.06389)e+02 (units)
[[data]]
1.900000e+04 1.670841e+02 1.680600e+02 
1.800000e+04 1.669003e+02 1.675142e+02 
1.700000e+04 1.666652e+02 1.669505e+02 
1.600000e+04 1.663608e+02 1.663657e+02 
1.500000e+04 1.660259e+02 1.657557e+02 
1.400000e+04 1.656164e+02 1.651153e+02 
1.300000e+04 1.651365e+02 1.644379e+02 
1.200000e+04 1.645689e+02 1.637144e+02 
1.100000e+04 1.639287e+02 1.629331e+02 
9.999990e+03 1.631682e+02 1.620774e+02 
8.999970e+03 1.622526e+02 1.611241e+02 
8.000010e+03 1.610795e+02 1.600390e+02 
7.000000e+03 1.597516e+02 1.587700e+02 
6.000010e+03 1.581224e+02 1.572330e+02 
5.000000e+03 1.561072e+02 1.552836e+02 
4.000000e+03 1.529861e+02 1.526502e+02 
2.999970e+03 1.484247e+02 1.487518e+02 
1.999980e+03 1.410983e+02 1.420727e+02 
9.999940e+02 1.258237e+02 1.268414e+02 
9.500080e+02 1.245526e+02 1.255142e+02 
8.999930e+02 1.231553e+02 1.240854e+02 
8.499990e+02 1.217438e+02 1.225434e+02 
8.000010e+02 1.201755e+02 1.208725e+02 
7.499990e+02 1.184192e+02 1.190546e+02 
6.999950e+02 1.165613e+02 1.170678e+02 
6.499960e+02 1.145374e+02 1.148860e+02 
6.000020e+02 1.122488e+02 1.124764e+02 
5.500020e+02 1.097290e+02 1.097975e+02 
4.999920e+02 1.070049e+02 1.067969e+02 
4.499950e+02 1.038472e+02 1.034082e+02 
4.000020e+02 1.002280e+02 9.954184e+01 
3.499980e+02 9.597461e+01 9.507472e+01 
2.999970e+02 9.094185e+01 8.983694e+01 
2.500010e+02 8.481131e+01 8.357831e+01 
2.000000e+02 7.720470e+01 7.590998e+01 
1.900000e+02 7.539519e+01 7.415726e+01 
1.799990e+02 7.350100e+01 7.231679e+01 
1.700010e+02 7.151888e+01 7.038148e+01 
1.600000e+02 6.937045e+01 6.834122e+01 
1.499980e+02 6.714100e+01 6.618613e+01 
1.399950e+02 6.476352e+01 6.390434e+01 
1.300010e+02 6.224673e+01 6.148462e+01 
1.200050e+02 5.955673e+01 5.890841e+01 
1.100010e+02 5.668580e+01 5.615497e+01 
9.999690e+01 5.361586e+01 5.320360e+01 
8.999880e+01 5.031463e+01 5.002886e+01 
7.999980e+01 4.666495e+01 4.659515e+01 
6.999590e+01 4.287169e+01 4.285890e+01 
6.000370e+01 3.873972e+01 3.877324e+01 
4.999340e+01 3.418437e+01 3.425580e+01 
3.999570e+01 2.932807e+01 2.922607e+01 
2.999690e+01 2.380023e+01 2.354611e+01 
1.999640e+01 1.726323e+01 1.701981e+01 
1.800090e+01 1.556944e+01 1.559201e+01 
1.599560e+01 1.386526e+01 1.410818e+01 
1.399380e+01 1.217157e+01 1.257425e+01 
1.199090e+01 1.042613e+01 1.098265e+01 
9.999150e+00 8.690451e+00 9.338972e+00 
7.991980e+00 6.982512e+00 7.615966e+00 
6.000110e+00 5.319409e+00 5.834496e+00 
4.000100e+00 3.646763e+00 3.968481e+00 
1.993830e+00 1.931000e+00 2.015065e+00 
5.298340e-03 1.747782e-01 5.414720e-03 
-2.003550e+00 -1.573587e+00 -2.024725e+00 
-3.999720e+00 -3.236308e+00 -3.968118e+00 
-5.997260e+00 -4.848096e+00 -5.831894e+00 
-8.002700e+00 -6.398923e+00 -7.625355e+00 
-1.000300e+01 -7.941770e+00 -9.342211e+00 
-1.199990e+01 -9.452533e+00 -1.098993e+01 
-1.400540e+01 -1.091988e+01 -1.258330e+01 
-1.600010e+01 -1.236574e+01 -1.411157e+01 
-1.799640e+01 -1.378728e+01 -1.558874e+01 
-2.000260e+01 -1.523249e+01 -1.702417e+01 
-3.000310e+01 -2.196960e+01 -2.354987e+01 
-3.999550e+01 -2.799007e+01 -2.922596e+01 
-4.999950e+01 -3.305695e+01 -3.425870e+01 
-5.999880e+01 -3.784319e+01 -3.877114e+01 
-7.000430e+01 -4.200278e+01 -4.286217e+01 
-7.999680e+01 -4.584273e+01 -4.659408e+01 
-9.000400e+01 -4.948247e+01 -5.003058e+01 
-1.000110e+02 -5.284584e+01 -5.320791e+01 
-1.100060e+02 -5.594623e+01 -5.615639e+01 
-1.200040e+02 -5.881290e+01 -5.890814e+01 
-1.300020e+02 -6.160870e+01 -6.148487e+01 
-1.400080e+02 -6.412549e+01 -6.390740e+01 
-1.500020e+02 -6.653526e+01 -6.618701e+01 
-1.600110e+02 -6.876959e+01 -6.834353e+01 
-1.700010e+02 -7.090420e+01 -7.038148e+01 
-1.800040e+02 -7.288612e+01 -7.231773e+01 
-1.900020e+02 -7.480224e+01 -7.415762e+01 
-2.000080e+02 -7.656951e+01 -7.591134e+01 
-2.500040e+02 -8.419400e+01 -8.357872e+01 
-2.999990e+02 -9.039844e+01 -8.983716e+01 
-3.500010e+02 -9.546756e+01 -9.507501e+01 
-4.000000e+02 -9.972339e+01 -9.954167e+01 
-4.500030e+02 -1.034121e+02 -1.034088e+02 
-5.000080e+02 -1.066250e+02 -1.067979e+02 
-5.500000e+02 -1.094329e+02 -1.097974e+02 
-6.000020e+02 -1.119420e+02 -1.124764e+02 
-6.500000e+02 -1.142046e+02 -1.148862e+02 
-6.999990e+02 -1.162856e+02 -1.170680e+02 
-7.500030e+02 -1.181538e+02 -1.190547e+02 
-8.000030e+02 -1.198165e+02 -1.208726e+02 
-8.500020e+02 -1.214111e+02 -1.225435e+02 
-9.000100e+02 -1.228825e+02 -1.240859e+02 
-9.500090e+02 -1.242804e+02 -1.255143e+02 
-1.000000e+03 -1.255656e+02 -1.268415e+02 
-2.000000e+03 -1.407779e+02 -1.420729e+02 
-3.000010e+03 -1.481221e+02 -1.487520e+02 
-4.000040e+03 -1.526050e+02 -1.526503e+02 
-5.000000e+03 -1.557405e+02 -1.552836e+02 
-6.000020e+03 -1.577350e+02 -1.572330e+02 
-7.000020e+03 -1.593506e+02 -1.587700e+02 
-8.000010e+03 -1.606159e+02 -1.600390e+02 
-8.999990e+03 -1.617017e+02 -1.611241e+02 
-9.999990e+03 -1.625724e+02 -1.620774e+02 
-1.100000e+04 -1.633887e+02 -1.629331e+02 
-1.200000e+04 -1.640229e+02 -1.637144e+02 
-1.300000e+04 -1.645736e+02 -1.644379e+02 
-1.400000e+04 -1.650336e+02 -1.651153e+02 
-1.500000e+04 -1.654472e+02 -1.657557e+02 
-1.600000e+04 -1.658245e+02 -1.663657e+02 
-1.700000e+04 -1.661723e+02 -1.669505e+02 
-1.800000e+04 -1.664999e+02 -1.675142e+02 
-1.900000e+04 -1.668323e+02 -1.680600e+02 
-1.800000e+04 -1.666676e+02 -1.675142e+02 
-1.700000e+04 -1.664526e+02 -1.669505e+02 
-1.600000e+04 -1.661742e+02 -1.663657e+02 
-1.500000e+04 -1.658233e+02 -1.657557e+02 
-1.400000e+04 -1.654072e+02 -1.651153e+02 
-1.300000e+04 -1.649367e+02 -1.644379e+02 
-1.200000e+04 -1.643805e+02 -1.637144e+02 
-1.100000e+04 -1.637350e+02 -1.629331e+02 
-9.999990e+03 -1.629690e+02 -1.620774e+02 
-8.999990e+03 -1.620178e+02 -1.611241e+02 
-8.000010e+03 -1.609191e+02 -1.600390e+02 
-7.000000e+03 -1.595935e+02 -1.587700e+02 
-5.999990e+03 -1.579896e+02 -1.572330e+02 
-5.000000e+03 -1.559691e+02 -1.552836e+02 
-3.999990e+03 -1.528316e+02 -1.526501e+02 
-2.999900e+03 -1.483558e+02 -1.487514e+02 
-2.000000e+03 -1.410410e+02 -1.420729e+02 
-9.999870e+02 -1.258497e+02 -1.268412e+02 
-9.499990e+02 -1.245773e+02 -1.255140e+02 
-8.999980e+02 -1.232123e+02 -1.240855e+02 
-8.500080e+02 -1.217602e+02 -1.225437e+02 
-7.999950e+02 -1.201251e+02 -1.208723e+02 
-7.499920e+02 -1.184693e+02 -1.190543e+02 
-6.999970e+02 -1.165739e+02 -1.170679e+02 
-6.499970e+02 -1.145228e+02 -1.148861e+02 
-5.999920e+02 -1.122440e+02 -1.124759e+02 
-5.499970e+02 -1.097479e+02 -1.097973e+02 
-4.999960e+02 -1.069779e+02 -1.067971e+02 
-4.499920e+02 -1.037829e+02 -1.034080e+02 
-4.000090e+02 -1.001657e+02 -9.954242e+01 
-3.500010e+02 -9.594110e+01 -9.507501e+01 
-2.999890e+02 -9.092743e+01 -8.983603e+01 
-2.499990e+02 -8.480421e+01 -8.357804e+01 
-2.000030e+02 -7.719150e+01 -7.591049e+01 
-1.899960e+02 -7.541875e+01 -7.415654e+01 
-1.799980e+02 -7.348333e+01 -7.231660e+01 
-1.699910e+02 -7.146243e+01 -7.037949e+01 
-1.599930e+02 -6.937289e+01 -6.833976e+01 
-1.499980e+02 -6.719969e+01 -6.618613e+01 
-1.400000e+02 -6.480596e+01 -6.390552e+01 
-1.299990e+02 -6.231577e+01 -6.148412e+01 
-1.199970e+02 -5.960161e+01 -5.890628e+01 
-1.099960e+02 -5.669514e+01 -5.615355e+01 
-9.999590e+01 -5.363068e+01 -5.320329e+01 
-9.000150e+01 -5.022447e+01 -5.002976e+01 
-7.999660e+01 -4.669886e+01 -4.659401e+01 
-7.000060e+01 -4.277747e+01 -4.286073e+01 
-5.999480e+01 -3.859575e+01 -3.876942e+01 
-5.032770e+01 -3.425869e+01 -3.441444e+01 
-3.999980e+01 -2.902185e+01 -2.922825e+01 
-2.999720e+01 -2.357849e+01 -2.354630e+01 
-1.999790e+01 -1.704966e+01 -1.702086e+01 
-1.800340e+01 -1.534966e+01 -1.559383e+01 
-1.601100e+01 -1.365476e+01 -1.411977e+01 
-1.399560e+01 -1.193100e+01 -1.257565e+01 
-1.200710e+01 -1.024650e+01 -1.099576e+01 
-1.000420e+01 -8.500341e+00 -9.343220e+00 
-7.998560e+00 -6.904190e+00 -7.621729e+00 
-5.996910e+00 -5.221573e+00 -5.831574e+00 
-3.999400e+00 -3.508070e+00 -3.967813e+00 
-1.998860e+00 -1.807804e+00 -2.020064e+00 
-5.371240e-03 -3.361802e-02 -5.489221e-03 
1.994950e+00 1.725929e+00 2.016178e+00 
4.001980e+00 3.390434e+00 3.970273e+00 
6.009280e+00 5.031220e+00 5.842870e+00 
7.993470e+00 6.621158e+00 7.617271e+00 
9.993020e+00 8.153527e+00 9.333814e+00 
1.199590e+01 9.708294e+00 1.098670e+01 
1.399770e+01 1.119686e+01 1.257729e+01 
1.599560e+01 1.264953e+01 1.410818e+01 
1.799820e+01 1.412616e+01 1.559005e+01 
1.999660e+01 1.556576e+01 1.701995e+01 
2.999910e+01 2.233532e+01 2.354745e+01 
3.999490e+01 2.837569e+01 2.922564e+01 
5.000560e+01 3.349070e+01 3.426160e+01 
6.001030e+01 3.812830e+01 3.877607e+01 
7.000530e+01 4.237804e+01 4.286256e+01 
7.999800e+01 4.620114e+01 4.659451e+01 
8.999860e+01 4.986423e+01 5.002880e+01 
9.999640e+01 5.312241e+01 5.320344e+01 
1.100010e+02 5.632373e+01 5.615497e+01 
1.200090e+02 5.916867e+01 5.890947e+01 
1.300000e+02 6.188934e+01 6.148437e+01 
1.399930e+02 6.436734e+01 6.390387e+01 
1.499940e+02 6.681326e+01 6.618524e+01 
1.600020e+02 6.896311e+01 6.834164e+01 
1.700070e+02 7.108310e+01 7.038267e+01 
1.800010e+02 7.304410e+01 7.231717e+01 
1.900060e+02 7.493139e+01 7.415833e+01 
2.000010e+02 7.669582e+01 7.591015e+01 
2.500030e+02 8.435259e+01 8.357859e+01 
3.000100e+02 9.048190e+01 8.983842e+01 
3.500060e+02 9.555447e+01 9.507549e+01 
3.999950e+02 9.982208e+01 9.954126e+01 
4.499940e+02 1.035012e+02 1.034082e+02 
4.999940e+02 1.066975e+02 1.067970e+02 
5.500090e+02 1.094786e+02 1.097979e+02 
5.999940e+02 1.120117e+02 1.124760e+02 
6.500000e+02 1.142371e+02 1.148862e+02 
6.999950e+02 1.163043e+02 1.170678e+02 
7.499960e+02 1.181956e+02 1.190545e+02 
7.999980e+02 1.198366e+02 1.208724e+02 
8.500010e+02 1.214627e+02 1.225435e+02 
9.000010e+02 1.228872e+02 1.240856e+02 
9.500050e+02 1.242662e+02 1.255142e+02 
9.999980e+02 1.255187e+02 1.268415e+02 
2.000010e+03 1.407616e+02 1.420730e+02 
3.000020e+03 1.480864e+02 1.487520e+02 
4.000010e+03 1.526210e+02 1.526502e+02 
5.000000e+03 1.557641e+02 1.552836e+02 
6.000000e+03 1.577604e+02 1.572330e+02 
7.000030e+03 1.593664e+02 1.587700e+02 
7.999990e+03 1.606725e+02 1.600390e+02 
9.000010e+03 1.617593e+02 1.611241e+02 
1.000000e+04 1.626295e+02 1.620774e+02 
1.100000e+04 1.633940e+02 1.629331e+02 
1.200000e+04 1.640966e+02 1.637144e+02 
1.300000e+04 1.646475e+02 1.644379e+02 
1.400000e+04 1.651233e+02 1.651153e+02 
1.500000e+04 1.655345e+02 1.657557e+02 
1.600000e+04 1.658822e+02 1.663657e+02 
1.700000e+04 1.662048e+02 1.669505e+02 
1.800000e+04 1.665200e+02 1.675142e+02 
1.900000e+04 1.668386e+02 1.680600e+02 
