script internal name (ver:210707): multilognorlanglmfit
data-filename:NE5X_D
this-filename:fits/NE5X_D.fit.00
[[Definition parameters]]
ndist: 1
weight: None
[[status]]
Fit succeeded.
[[Fit Statistics]]
    # fitting method   = leastsq
    # function evals   = 80
    # data points      = 249
    # variables        = 4
    chi-square         = 211.548704
    reduced chi-square = 0.86346410
    Akaike info crit   = -32.5864143
    Bayesian info crit = -18.5166027
[[Variables]]
    N0:    1.3778e+18 +/- 3.3531e+16 (2.43%) (init = 3e+18)
    mu0:   8.49069234 +/- 0.03652070 (0.43%) (init = 7.65)
    sig0:  1.43058208 +/- 0.01045217 (0.73%) (init = 1.596)
    C:     4.3410e-04 +/- 3.0471e-05 (7.02%) (init = -3e-08)
    T:     300 (fixed)
    dc:    0 (fixed)
[[Correlations]] (unreported correlations are < 0.100)
    C(N0, mu0)   = -0.9911
    C(mu0, sig0) = -0.9902
    C(N0, sig0)  = +0.9633
    C(N0, C)     = -0.8373
    C(mu0, C)    = +0.7789
    C(sig0, C)   = -0.7123
[[Derived Parameters]]
    mean-mu      = 13547.7+/-534.6 mb
    stddev       = 35175+/-1711 mb
    <mu>_mu      = 104877+/-6067 mb
    sum squares  = 2.115487e+02
    m_s          = (1.73113+/-0.08026)e+02 (units)
[[data]]
1.900040e+04 1.770567e+02 1.784052e+02 
1.800260e+04 1.770159e+02 1.778126e+02 
1.700000e+04 1.766870e+02 1.771989e+02 
1.600000e+04 1.764118e+02 1.765653e+02 
1.500000e+04 1.760701e+02 1.759062e+02 
1.400000e+04 1.756493e+02 1.752162e+02 
1.300000e+04 1.751490e+02 1.744886e+02 
1.200000e+04 1.745827e+02 1.737145e+02 
1.100000e+04 1.739190e+02 1.728819e+02 
1.000000e+04 1.731248e+02 1.719743e+02 
8.999990e+03 1.721909e+02 1.709683e+02 
8.000010e+03 1.710517e+02 1.698298e+02 
6.999980e+03 1.696781e+02 1.685066e+02 
6.000000e+03 1.680076e+02 1.669150e+02 
4.999990e+03 1.659232e+02 1.649111e+02 
3.999980e+03 1.626938e+02 1.622253e+02 
3.000070e+03 1.580523e+02 1.582824e+02 
1.999990e+03 1.505785e+02 1.515795e+02 
9.999920e+02 1.351935e+02 1.363860e+02 
9.499890e+02 1.339078e+02 1.350625e+02 
9.000020e+02 1.325420e+02 1.336384e+02 
8.500000e+02 1.310717e+02 1.321001e+02 
8.000010e+02 1.294943e+02 1.304326e+02 
7.499990e+02 1.278837e+02 1.286174e+02 
7.000020e+02 1.260151e+02 1.266327e+02 
6.499990e+02 1.239618e+02 1.244508e+02 
5.999970e+02 1.217025e+02 1.220384e+02 
5.499990e+02 1.191906e+02 1.193536e+02 
5.000030e+02 1.164011e+02 1.163422e+02 
4.499890e+02 1.132346e+02 1.129328e+02 
3.999970e+02 1.095053e+02 1.090345e+02 
3.500080e+02 1.052135e+02 1.045179e+02 
2.999910e+02 1.001521e+02 9.919780e+01 
2.499980e+02 9.394856e+01 9.280986e+01 
2.000060e+02 8.614159e+01 8.492856e+01 
1.899960e+02 8.432028e+01 8.311557e+01 
1.799850e+02 8.238205e+01 8.120767e+01 
1.699920e+02 8.034625e+01 7.919981e+01 
1.600040e+02 7.819457e+01 7.707957e+01 
1.500000e+02 7.589906e+01 7.483056e+01 
1.400010e+02 7.344583e+01 7.244366e+01 
1.303360e+02 7.092048e+01 6.998941e+01 
1.200060e+02 6.799263e+01 6.718701e+01 
1.099960e+02 6.501852e+01 6.427182e+01 
9.999460e+01 6.180426e+01 6.113545e+01 
9.000260e+01 5.832545e+01 5.774550e+01 
7.999950e+01 5.455371e+01 5.405352e+01 
6.999500e+01 5.043626e+01 5.000991e+01 
5.999550e+01 4.594071e+01 4.554911e+01 
4.998980e+01 4.095729e+01 4.057458e+01 
4.000740e+01 3.537749e+01 3.497574e+01 
2.999350e+01 2.897294e+01 2.853549e+01 
1.999250e+01 2.120761e+01 2.098915e+01 
1.799420e+01 1.925416e+01 1.930927e+01 
1.599750e+01 1.719631e+01 1.756189e+01 
1.399670e+01 1.504153e+01 1.573538e+01 
1.199740e+01 1.287019e+01 1.382707e+01 
1.000130e+01 1.073416e+01 1.182990e+01 
7.997910e+00 8.569368e+00 9.722327e+00 
5.999800e+00 6.494155e+00 7.504530e+00 
3.999180e+00 4.419069e+00 5.152682e+00 
1.995780e+00 2.336685e+00 2.648751e+00 
-1.202570e-02 2.103791e-01 -1.630098e-02 
-1.995620e+00 -1.857797e+00 -2.648544e+00 
-4.000510e+00 -3.879153e+00 -5.154293e+00 
-5.998180e+00 -5.838959e+00 -7.502680e+00 
-8.001840e+00 -7.791720e+00 -9.726571e+00 
-1.000000e+01 -9.710373e+00 -1.182857e+01 
-1.199710e+01 -1.161672e+01 -1.382678e+01 
-1.399900e+01 -1.345326e+01 -1.573753e+01 
-1.600180e+01 -1.529543e+01 -1.756573e+01 
-1.800040e+01 -1.711907e+01 -1.931458e+01 
-2.000290e+01 -1.900067e+01 -2.099772e+01 
-2.999810e+01 -2.736907e+01 -2.853868e+01 
-3.999590e+01 -3.422995e+01 -3.496886e+01 
-5.000330e+01 -3.995463e+01 -4.058169e+01 
-6.000070e+01 -4.501986e+01 -4.555156e+01 
-6.999350e+01 -4.958712e+01 -5.000927e+01 
-7.999970e+01 -5.374810e+01 -5.405359e+01 
-9.000750e+01 -5.756946e+01 -5.774723e+01 
-1.000060e+02 -6.108254e+01 -6.113916e+01 
-1.100120e+02 -6.434034e+01 -6.427665e+01 
-1.199970e+02 -6.736618e+01 -6.718448e+01 
-1.300000e+02 -7.017963e+01 -6.990128e+01 
-1.400070e+02 -7.281013e+01 -7.244513e+01 
-1.500020e+02 -7.527514e+01 -7.483102e+01 
-1.600060e+02 -7.758453e+01 -7.708001e+01 
-1.700000e+02 -7.977868e+01 -7.920146e+01 
-1.800030e+02 -8.183025e+01 -8.121119e+01 
-1.900090e+02 -8.374241e+01 -8.311799e+01 
-2.000020e+02 -8.557318e+01 -8.492786e+01 
-2.500000e+02 -9.341485e+01 -9.281014e+01 
-3.000060e+02 -9.968839e+01 -9.919954e+01 
-3.499980e+02 -1.047931e+02 -1.045169e+02 
-4.000000e+02 -1.090708e+02 -1.090347e+02 
-4.500140e+02 -1.127858e+02 -1.129346e+02 
-5.000020e+02 -1.160135e+02 -1.163421e+02 
-5.500040e+02 -1.188347e+02 -1.193538e+02 
-5.999950e+02 -1.213466e+02 -1.220383e+02 
-6.500010e+02 -1.236045e+02 -1.244509e+02 
-7.000050e+02 -1.256508e+02 -1.266328e+02 
-7.500210e+02 -1.275180e+02 -1.286183e+02 
-8.000020e+02 -1.292329e+02 -1.304326e+02 
-8.499960e+02 -1.308147e+02 -1.320999e+02 
-8.999960e+02 -1.322819e+02 -1.336382e+02 
-9.499980e+02 -1.336483e+02 -1.350627e+02 
-9.999990e+02 -1.349248e+02 -1.363862e+02 
-2.000010e+03 -1.502956e+02 -1.515797e+02 
-3.000010e+03 -1.577503e+02 -1.582821e+02 
-4.000010e+03 -1.623618e+02 -1.622254e+02 
-4.999990e+03 -1.655783e+02 -1.649111e+02 
-6.000020e+03 -1.676497e+02 -1.669150e+02 
-7.000010e+03 -1.693059e+02 -1.685066e+02 
-8.000010e+03 -1.706543e+02 -1.698298e+02 
-9.000010e+03 -1.717724e+02 -1.709683e+02 
-1.000000e+04 -1.726752e+02 -1.719743e+02 
-1.100000e+04 -1.734579e+02 -1.728819e+02 
-1.200000e+04 -1.741278e+02 -1.737145e+02 
-1.300000e+04 -1.747055e+02 -1.744886e+02 
-1.400000e+04 -1.752016e+02 -1.752162e+02 
-1.500000e+04 -1.756438e+02 -1.759062e+02 
-1.600000e+04 -1.760352e+02 -1.765653e+02 
-1.700000e+04 -1.763853e+02 -1.771989e+02 
-1.800000e+04 -1.766965e+02 -1.778111e+02 
-1.900000e+04 -1.769894e+02 -1.784050e+02 
-1.800000e+04 -1.768067e+02 -1.778111e+02 
-1.700000e+04 -1.765989e+02 -1.771989e+02 
-1.600000e+04 -1.763214e+02 -1.765653e+02 
-1.500000e+04 -1.759624e+02 -1.759062e+02 
-1.400000e+04 -1.755231e+02 -1.752162e+02 
-1.300000e+04 -1.750199e+02 -1.744886e+02 
-1.200000e+04 -1.744296e+02 -1.737145e+02 
-1.100000e+04 -1.737478e+02 -1.728819e+02 
-1.000000e+04 -1.729450e+02 -1.719743e+02 
-9.000000e+03 -1.720142e+02 -1.709683e+02 
-7.999980e+03 -1.708675e+02 -1.698298e+02 
-7.000010e+03 -1.694899e+02 -1.685066e+02 
-6.000000e+03 -1.678164e+02 -1.669150e+02 
-4.999990e+03 -1.657264e+02 -1.649111e+02 
-4.000010e+03 -1.624959e+02 -1.622254e+02 
-2.999970e+03 -1.578845e+02 -1.582819e+02 
-1.999990e+03 -1.505261e+02 -1.515795e+02 
-9.999860e+02 -1.352000e+02 -1.363859e+02 
-9.499890e+02 -1.339045e+02 -1.350625e+02 
-8.999960e+02 -1.325319e+02 -1.336382e+02 
-8.499990e+02 -1.310557e+02 -1.321000e+02 
-7.999920e+02 -1.294754e+02 -1.304323e+02 
-7.499970e+02 -1.277653e+02 -1.286174e+02 
-7.000000e+02 -1.259007e+02 -1.266326e+02 
-6.499990e+02 -1.238609e+02 -1.244508e+02 
-5.999970e+02 -1.216183e+02 -1.220384e+02 
-5.500030e+02 -1.191220e+02 -1.193538e+02 
-4.999910e+02 -1.163256e+02 -1.163414e+02 
-4.499970e+02 -1.131591e+02 -1.129334e+02 
-4.000000e+02 -1.094529e+02 -1.090347e+02 
-3.499830e+02 -1.052448e+02 -1.045155e+02 
-2.999870e+02 -1.002183e+02 -9.919734e+01 
-2.500000e+02 -9.402195e+01 -9.281014e+01 
-1.999950e+02 -8.618954e+01 -8.492662e+01 
-1.900000e+02 -8.435813e+01 -8.311632e+01 
-1.799990e+02 -8.242937e+01 -8.121041e+01 
-1.700030e+02 -8.039209e+01 -7.920208e+01 
-1.600020e+02 -7.821686e+01 -7.707913e+01 
-1.500110e+02 -7.592451e+01 -7.483311e+01 
-1.399870e+02 -7.347296e+01 -7.244021e+01 
-1.300060e+02 -7.085781e+01 -6.990286e+01 
-1.200010e+02 -6.805887e+01 -6.718560e+01 
-1.099980e+02 -6.505427e+01 -6.427242e+01 
-9.999680e+01 -6.181288e+01 -6.113616e+01 
-9.000380e+01 -5.831052e+01 -5.774592e+01 
-7.999870e+01 -5.451292e+01 -5.405321e+01 
-6.999940e+01 -5.036687e+01 -5.001177e+01 
-6.000470e+01 -4.582106e+01 -4.555343e+01 
-5.000080e+01 -4.079326e+01 -4.058037e+01 
-4.000620e+01 -3.517961e+01 -3.497502e+01 
-2.999410e+01 -2.876896e+01 -2.853591e+01 
-1.999930e+01 -2.099696e+01 -2.099475e+01 
-1.800150e+01 -1.899010e+01 -1.931552e+01 
-1.599530e+01 -1.694468e+01 -1.755993e+01 
-1.399900e+01 -1.482411e+01 -1.573753e+01 
-1.199400e+01 -1.262060e+01 -1.382375e+01 
-9.994060e+00 -1.043930e+01 -1.182248e+01 
-7.998400e+00 -8.318388e+00 -9.722856e+00 
-5.998360e+00 -6.293939e+00 -7.502886e+00 
-4.000110e+00 -4.232795e+00 -5.153808e+00 
-2.003960e+00 -2.164795e+00 -2.659298e+00 
-3.801570e-04 -6.927413e-02 -5.153088e-04 
2.004380e+00 2.007849e+00 2.659839e+00 
3.996890e+00 4.044839e+00 5.149908e+00 
5.997530e+00 6.040415e+00 7.501939e+00 
8.003590e+00 8.032690e+00 9.728460e+00 
1.000400e+01 9.961542e+00 1.183267e+01 
1.199640e+01 1.184184e+01 1.382609e+01 
1.400570e+01 1.370106e+01 1.574378e+01 
1.600360e+01 1.553943e+01 1.756734e+01 
1.800250e+01 1.736093e+01 1.931638e+01 
1.999890e+01 1.924875e+01 2.099442e+01 
2.999320e+01 2.769354e+01 2.853528e+01 
4.001250e+01 3.458744e+01 3.497879e+01 
5.000620e+01 4.029320e+01 4.058322e+01 
6.000700e+01 4.539606e+01 4.555452e+01 
6.999650e+01 4.994313e+01 5.001054e+01 
7.999970e+01 5.407468e+01 5.405359e+01 
9.000230e+01 5.788384e+01 5.774539e+01 
1.000040e+02 6.137968e+01 6.113851e+01 
1.100040e+02 6.460951e+01 6.427423e+01 
1.200000e+02 6.761432e+01 6.718532e+01 
1.300020e+02 7.042020e+01 6.990181e+01 
1.400010e+02 7.303157e+01 7.244366e+01 
1.499960e+02 7.548290e+01 7.482963e+01 
1.600040e+02 7.778283e+01 7.707957e+01 
1.700020e+02 7.995427e+01 7.920188e+01 
1.799960e+02 8.199281e+01 8.120982e+01 
1.899930e+02 8.392851e+01 8.311502e+01 
1.999990e+02 8.575172e+01 8.492733e+01 
2.500070e+02 9.353681e+01 9.281113e+01 
3.000010e+02 9.978512e+01 9.919896e+01 
3.500000e+02 1.048590e+02 1.045171e+02 
4.000020e+02 1.091932e+02 1.090349e+02 
4.500060e+02 1.128461e+02 1.129340e+02 
5.000070e+02 1.160968e+02 1.163425e+02 
5.500090e+02 1.189044e+02 1.193541e+02 
5.999980e+02 1.214087e+02 1.220385e+02 
6.500020e+02 1.236649e+02 1.244510e+02 
7.000040e+02 1.257061e+02 1.266328e+02 
7.500090e+02 1.275708e+02 1.286178e+02 
8.000030e+02 1.292640e+02 1.304327e+02 
8.500070e+02 1.308296e+02 1.321003e+02 
9.000050e+02 1.322827e+02 1.336385e+02 
9.500040e+02 1.336370e+02 1.350629e+02 
9.999950e+02 1.349023e+02 1.363861e+02 
2.000010e+03 1.502883e+02 1.515797e+02 
3.000020e+03 1.577348e+02 1.582821e+02 
4.000020e+03 1.623988e+02 1.622254e+02 
5.000020e+03 1.656160e+02 1.649112e+02 
6.000030e+03 1.676880e+02 1.669150e+02 
7.000040e+03 1.693337e+02 1.685066e+02 
7.999990e+03 1.706778e+02 1.698298e+02 
9.000010e+03 1.717898e+02 1.709683e+02 
1.000000e+04 1.727067e+02 1.719743e+02 
1.100000e+04 1.734856e+02 1.728819e+02 
1.200000e+04 1.741449e+02 1.737145e+02 
1.300000e+04 1.747122e+02 1.744886e+02 
1.400000e+04 1.752165e+02 1.752162e+02 
1.500000e+04 1.756535e+02 1.759062e+02 
1.600000e+04 1.760358e+02 1.765653e+02 
1.700000e+04 1.763809e+02 1.771989e+02 
1.800000e+04 1.766963e+02 1.778111e+02 
1.900000e+04 1.769768e+02 1.784050e+02 
